<?xml version="1.0" encoding="UTF-8" standalone="no"?>
<!-- Created with Inkscape (http://www.inkscape.org/) -->

<svg
   version="1.1"
   id="svg1"
   width="256"
   height="256"
   viewBox="0 0 256 256"
   xmlns="http://www.w3.org/2000/svg"
   xmlns:svg="http://www.w3.org/2000/svg">
  <defs
     id="defs1" />
  <g
     id="g1">
    <path
       style="fill:#000000;stroke:#000000;stroke-width:6.33965;stroke-dasharray:none;stroke-opacity:1"
       d="m 131.3418,252.25836 c -1.23642,-0.64468 -2.42645,-2.20248 -2.80152,-3.66729 -0.16674,-0.65116 -0.23035,-26.40249 -0.18767,-75.97946 l 0.0645,-74.994472 0.56293,-1.107497 c 0.59408,-1.168783 1.74099,-2.23818 2.89545,-2.699764 0.47169,-0.188598 13.15307,-0.282228 39.74378,-0.293444 38.53204,-0.01625 39.0641,-0.0095 40.03297,0.510319 0.57998,0.311165 8.18025,7.987308 18.56802,18.753428 13.63435,14.1309 17.67824,18.46869 17.99598,19.3038 0.37459,0.98451 0.40985,6.027 0.40985,58.61749 v 57.54033 l -0.69086,1.43272 c -0.45249,0.93843 -1.06668,1.70675 -1.78017,2.22691 l -1.08932,0.79421 -56.31456,0.0668 -56.31458,0.0668 z m 106.23062,-61.50321 v -50.4483 l -15.01043,-0.0777 -15.01043,-0.0777 -1.19892,-0.74113 c -0.6594,-0.4076 -1.50728,-1.23102 -1.88415,-1.8298 l -0.68524,-1.0887 -0.0685,-15.67266 -0.0686,-15.67266 H 171.6213 139.59649 v 68.02849 68.02848 h 48.98798 48.98799 z m -8.5415,-62.42786 c 0,-0.0372 -3.22191,-3.45444 -7.15979,-7.59367 l -7.15978,-7.5259 v 7.59368 7.59366 h 7.15978 c 3.93788,0 7.15979,-0.0305 7.15979,-0.0677 z M 6.8409768,178.72684 C 5.45164,178.20381 4.6749945,177.53631 3.8677014,176.17141 L 3.1699361,174.9917 3.1802286,91.202108 C 3.1864086,40.898089 3.2828421,7.1571652 3.4215302,6.7735583 3.779915,5.782277 5.1718431,4.2489496 6.2274113,3.6826417 7.1635917,3.1803845 8.1583113,3.1698296 54.556388,3.1698296 c 42.027652,0 47.478522,0.045784 48.307142,0.4057469 0.62515,0.2715787 3.50921,3.1100054 8.72184,8.5838765 l 7.78783,8.17813 49.86726,0.06828 49.86725,0.06828 1.00488,0.568714 c 1.29118,0.730744 1.97913,1.5189 2.6167,2.997828 0.50064,1.161314 0.51264,1.633979 0.51804,20.408542 l 0.006,19.219699 h 12.69469 c 10.90849,0 12.82613,0.05774 13.62872,0.410297 3.03367,1.332653 4.1746,4.960686 2.59424,8.249404 -1.57892,3.285684 -13.92502,26.662262 -14.50827,27.470485 -1.18697,1.644828 -3.7605,2.509678 -5.77257,1.939908 -1.58727,-0.44945 -3.26013,-2.153192 -3.76368,-3.833107 -0.71921,-2.39936 -0.54453,-2.875269 4.80717,-13.097549 2.68977,-5.137684 4.89048,-9.380373 4.89048,-9.428198 0,-0.04782 -38.92325,-0.08695 -86.4961,-0.08695 H 64.831412 L 44.758753,114.72332 c -11.039962,21.68655 -21.55919,42.34277 -23.376066,45.90271 l -3.303406,6.47261 50.395734,0.13209 50.395755,0.13211 1.04338,0.58677 c 4.03017,2.26639 4.10684,7.85375 0.1414,10.3051 l -1.18478,0.73241 -55.519728,0.0563 c -47.260495,0.0479 -55.6670372,7.7e-4 -56.5100652,-0.31656 z M 36.025406,106.99623 C 47.550438,84.401763 57.162512,65.7033 57.385572,65.4441 c 0.223061,-0.2592 0.808675,-0.734926 1.301364,-1.05717 l 0.895799,-0.585894 76.245405,-0.132093 76.24539,-0.132096 0.0648,-15.653155 0.0647,-15.653153 h -47.68826 c -42.93044,0 -47.82441,-0.04207 -49.05279,-0.421718 -1.28998,-0.398681 -1.79719,-0.874844 -9.28662,-8.718209 l -7.922073,-8.2965 H 56.245385 14.237453 l 0.01004,67.434058 c 0.0093,62.29085 0.04106,67.37361 0.416674,66.64149 0.22364,-0.43592 9.836188,-19.27895 21.36122,-41.87343 z"
       id="path1" />
  </g>
</svg>
