<?xml version="1.0" encoding="UTF-8" standalone="no"?>
<!-- Created with Inkscape (http://www.inkscape.org/) -->

<svg
   version="1.1"
   id="svg1"
   width="256"
   height="128"
   viewBox="0 0 256 128"
   xmlns="http://www.w3.org/2000/svg"
   xmlns:svg="http://www.w3.org/2000/svg">
  <defs
     id="defs1" />
  <g
     id="g1">
    <path
       style="fill:#000000;stroke-width:0.29798"
       d="M 118.57065,127.58067 C 105.27026,126.40036 92.28346,122.7218 80.204471,116.71327 75.767863,114.50635 69.631598,110.93741 45.526065,96.543834 40.716321,93.671906 33.59217,89.424156 29.694617,87.104391 25.797066,84.78463 19.283556,80.906332 15.220152,78.485956 11.156747,76.065579 6.9031031,73.538952 5.7676085,72.871231 1.5911374,70.415273 -0.00740146,67.997729 2.5749796e-5,64.148647 0.00798671,60.01933 1.3954034,58.190158 7.1842063,54.676988 c 2.18075,-1.323479 7.3574547,-4.455736 11.5037867,-6.960571 4.146331,-2.504837 9.506406,-5.74648 11.91128,-7.203652 2.404872,-1.457175 5.525928,-3.341606 6.935681,-4.187631 1.409752,-0.846021 5.073601,-3.061547 8.141886,-4.923385 C 81.116211,9.8970775 82.015887,9.4092812 93.091277,5.6940169 105.64772,1.4819287 117.19036,-0.2532185 130.77265,0.02956493 c 13.94851,0.29040974 26.89759,3.04658597 40.048,8.52411057 5.61709,2.3396795 10.12486,4.8056985 20.35472,11.1352455 5.3073,3.283806 12.7707,7.898107 16.58534,10.254009 3.81462,2.3559 11.41372,7.059009 16.88687,10.451356 14.0889,8.732518 17.15984,10.628234 22.61635,13.961195 5.88565,3.595107 6.8362,4.377485 7.90523,6.506722 0.7056,1.405334 0.83599,2.036661 0.83069,4.022576 -0.006,2.110085 -0.11278,2.548844 -1.02799,4.209358 -0.56194,1.019557 -1.50836,2.225591 -2.10317,2.680073 -0.59484,0.454484 -4.20254,2.682722 -8.01717,4.951644 -3.81462,2.268922 -8.7676,5.222953 -11.00662,6.564517 -2.23902,1.341564 -5.02083,2.995266 -6.1818,3.674891 -1.16098,0.679627 -11.81328,7.041996 -23.6718,14.138598 -11.8585,7.09661 -23.73209,13.99849 -26.38574,15.33752 -12.28019,6.19657 -25.95957,10.03483 -40.25711,11.29566 -4.59801,0.40547 -13.25938,0.33334 -18.7778,-0.15637 z m 20.80222,-18.37324 c 5.41131,-0.69399 11.84261,-2.15005 17.25369,-3.90626 8.93855,-2.90107 13.44747,-5.30075 41.33372,-21.998108 13.35119,-7.99425 25.73365,-15.392927 27.51657,-16.441514 1.78292,-1.048584 3.24168,-2.004248 3.24168,-2.123701 0,-0.119451 -2.88359,-2.000205 -6.40797,-4.179448 -40.19766,-24.855576 -50.62635,-31.220397 -53.73268,-32.794051 -8.88136,-4.499253 -19.78685,-7.775079 -30.02322,-9.018476 -4.65827,-0.565832 -17.28886,-0.467608 -21.86247,0.170014 -10.42209,1.452979 -20.863185,4.664058 -29.250487,8.995765 -4.072258,2.103158 -3.197726,1.579772 -40.257106,24.092994 -4.395111,2.669991 -10.671046,6.461533 -13.946524,8.425652 -3.275479,1.964117 -5.955517,3.642582 -5.955641,3.729916 -1.23e-4,0.08733 0.712189,0.564964 1.582919,1.06139 1.881486,1.072685 11.55778,6.829969 19.977779,11.886541 3.317065,1.992043 7.048763,4.214759 8.292662,4.939375 2.012804,1.17253 4.803128,2.840657 19.299287,11.537609 9.491371,5.694335 15.480344,8.680592 22.122109,11.030652 6.653812,2.35433 14.027332,3.98967 21.368972,4.73933 4.49619,0.45911 15.3586,0.37662 19.44671,-0.14768 z M 122.49063,97.86637 C 107.67328,95.393956 96.284109,84.158764 94.072658,69.832607 c -1.444024,-9.354655 0.78131,-17.840829 6.696552,-25.536904 5.77322,-7.511279 15.50006,-12.525474 25.27107,-13.027257 17.42536,-0.894861 32.423,10.678227 35.75803,27.593064 0.58756,2.980025 0.5208,9.68757 -0.12589,12.648452 -2.17608,9.963195 -8.93152,18.550292 -18.16011,23.084008 -3.45764,1.698632 -4.66829,2.11787 -8.55805,2.963597 -3.68463,0.801124 -8.75953,0.926863 -12.46363,0.308803 z m 8.9896,-18.265328 c 6.42682,-1.602146 11.03199,-6.504823 11.96189,-12.734656 0.95321,-6.386017 -2.59014,-12.936392 -8.53786,-15.783409 -9.25381,-4.429559 -20.23418,0.918061 -22.29345,10.857276 -0.68086,3.286235 0.12094,7.534338 2.02409,10.72399 1.07671,1.804561 3.8333,4.398367 5.74542,5.406146 3.35777,1.769705 7.72514,2.371954 11.09991,1.530653 z"
       id="path1" />
  </g>
</svg>
